8 3 6
0 0 0 1 0 0 1 1 1
0 0 1 1 0 0 0 0 1
0 1 0 1 1 1 0 1 0
0 1 1 0 1 0 0 0 0
1 0 0 1 0 1 1 1 1
1 0 1 0 0 0 1 1 1
1 1 0 0 1 1 1 1 1
1 1 1 0 1 1 0 1 0
4 2 4
1 1 1 1 1 1
0 1 0 1 1 1
1 0 1 0 1 0
0 0 0 0 0 1
8 4 8
1 1 0 1 0 0 1 1 1 0 0 1
0 0 1 1 0 0 0 1 0 0 1 0
0 1 0 0 0 0 1 1 1 1 0 1
1 0 1 0 1 1 0 1 0 1 0 1
0 1 1 1 0 0 0 0 1 1 1 1
1 0 1 1 0 1 0 1 0 0 1 1
1 0 0 1 0 0 1 1 0 0 0 0
1 1 1 1 0 1 0 1 1 1 0 1
12 5 8
1 1 1 1 1 1 0 0 0 1 0 1 0
0 0 0 0 0 0 0 1 0 0 1 0 1
0 1 1 1 0 0 0 1 0 1 0 1 0
1 1 0 0 0 0 1 1 1 0 1 1 1
1 0 1 0 1 1 0 0 0 0 0 1 1
0 1 1 0 0 0 0 1 0 1 1 0 1
0 1 1 1 1 1 0 1 0 1 0 1 0
0 1 0 0 0 0 0 1 1 1 1 0 1
1 1 0 0 1 1 0 0 1 0 1 1 1
1 0 0 1 0 0 0 1 1 1 0 1 1
1 0 1 1 0 1 0 0 0 0 0 1 0
0 0 0 1 0 0 0 0 0 1 0 0 1
8 7 4
1 0 0 1 0 1 0 0 1 0 1
0 0 0 0 1 0 1 0 0 1 0
0 0 0 1 0 1 0 0 1 1 1
0 1 1 0 1 1 1 1 0 1 0
1 0 0 0 0 1 1 0 0 0 1
0 0 0 1 1 0 1 1 0 1 1
1 0 0 1 0 1 0 0 1 0 1
0 0 1 1 1 0 1 1 0 1 1